125151
89299
73081
657376
884441
47588
904055
174565
520730
509655
8174
572655
836016
81553
176813
136895
638884
193722
99132
978140
569127
208602
430663
768914
340630
793676
495955
69094
66054
148133
575765
533158
567525
639861
16462
227504
233358
419968
594090
567473
88201
392566
121061
597214
442880
35026
964250
258372
393228
782516
450942
736594
254605
384313
819884
363846
229332
786432
491318
739257
222614
686056
169780
152182
159804
548739
106807
191306
518875
775412
353699
848726
190896
529700
712709
397956
405205
703221
386348
924441
114911
424278
105362
152491
653214
561996
576266
950479
909348
581226
170922
656304
613136
386463
600389
342433
828489
328272
655760
387783
742487
243010
414174
188798
399287
65918
780204
359919
365255
157662
768437
743039
170423
63912
967499
707329
752316
703695
819411
527414
554880
254258
579885
789584
448806
617410
847493
123186
870130
618164
51683
6682
3938
386710
416632
131971
417533
629193
879163
362874
625158
618082
112148
113419
986479
97821
199198
213604
619883
113488
985081
714333
649629
90888
104530
842694
164322
161699
429412
109964
261910
445294
493747
123297
772381
638000
971588
801296
852782
719428
789376
58144
446096
85338
667826
856599
22198
602274
143218
901736
557951
242488
699140
51655
332969
465844
832843
699645
455718
576346
987024
407416
325841
577829
779518
166575
185636
891409
42981
374864
901049
33848
895884
812569
269932
371284
785733
233653
498330
813397
969324
188194
628773
106325
955593
988032
591386
862563
563320
694073
384956
177435
783584
999260
764015
787285
595471
306393
923470
78218
697136
352965
772698
867874
865607
719247
468020
478404
178742
976686
24754
617197
633082
350686
399542
219134
110205
484301
911831
507228
529359
550770
864813
209833
491647
360944
432428
898582
734793
797169
796287
34678
666340
875178
387590
170443
223224
104619
134053
889965
553449
178612
883231
322905
899274
528569
6137
332116
330420
936975
926129
266459
154549
934212
884448
262635
460413
544958
310265
201528
757351
175736
208569
571844
695001
47471
103194
613411
644510
855741
631116
391228
866772
906816
500814
724968
7160
675215
622540
445599
495141
794361
462976
254783
503544
992809
240569
598610
527051
687742
895974
101206
952214
397389
461438
421811
420339
704409
502198
454100
287482
997520
962392
546934
377539
847863
355675
256905
729259
964298
122028
357372
831008
429314
931945
960377
567653
472056
405875
882116
230045
201422
391300
729797
294114
170714
602654
660093
676961
373115
890099
62183
525990
950906
401073
299504
603974
918992
562109
642133
405826
802362
352589
9768
779216
158864
874268
731736
340243
388635
355816
578487
374475
631549
40296
584189
949842
407709
887948
621702
280577
285517
871518
462209
219576
587930
239035
31544
559910
767988
668421
240430
856852
764870
553731
294347
963540
277667
970178
655151
277332
843608
118602
962894
949589
157356
57886
17111
996871
690252
275816
643300
737638
546415
923824
140143
508828
784407
155743
143922
892785
305613
1584
611086
66344
416901
738905
349077
785894
490071
459832
724468
250071
496387
682142
237546
141049
602484
115184
43939
300145
908194
568758
38983
507993
188716
434379
752884
662302
289912
761725
248221
6380
821402
171481
879417
375489
670842
732710
136543
141138
819094
4535
869726
901462
166441
339477
155754
35617
618285
742659
820914
245047
360071
459314
837140
455641
81624
670549
415122
563157
399029
763436
397934
938745
10470
180461
942117
79957
26707
248252
885412
310862
316046
951590
809911
718446
869941
930827
902161
259044
476114
452660
405862
424458
567687
793633
452392
866585
721093
874915
293465
822726
79023
209337
659304
620721
78916
115372
386521
292514
375466
972612
319135
80026
602972
497766
756637
341404
488323
850301
728499
641631
16997
967035
544805
695041
907126
319641
687714
827345
125211
52323
585977
332365
28183
462685
115556
540313
757069
196937
66130
62976
477688
991950
496362
443672
732744
971837
219540
810148
743981
581119
10655
238601
228972
689455
880763
855690
972315
127442
29982
670159
563843
119081
266643
220837
730379
507937
943351
854540
264527
74641
129452
472450
333635
922275
66651
918898
849110
994663
53753
185490
531183
461748
618381
383257
87752
48240
882550
67024
401318
440823
97511
845281
862152
93837
917842
896030
420191
955599
609395
686817
510767
267359
434887
1862
482764
455871
522998
530456
145064
601775
754332
962955
707220
133121
284855
682350
999303
475772
205298
565022
441002
466280
418446
477619
177411
211181
479685
942918
568371
396233
896654
11944
497578
950518
718053
833705
532106
481097
416109
267206
436510
513567
539723
774989
207643
157237
186096
897689
703184
895793
138578
774340
815903
356659
636837
191403
945822
771098
591963
114325
780553
374518
885248
462875
776678
641877
438536
867940
701221
692199
192894
241150
362611
413884
331912
792102
899836
194452
367500
265156
413100
348373
386953
127065
365856
127122
170373
82010
698213
107439
751999
556830
83757
320018
277994
753019
371148
308310
657168
405699
765435
754881
856365
56267
168179
463580
310498
172025
1553
750891
457617
787824
923164
847628
277968
531961
224734
676662
520515
874198
625557
992586
314173
386452
671711
975836
615120
584064
658911
274232
550206
359730
411498
515363
43842
756562
86637
458013
240481
756398
778457
161000
962961
27470
99497
56640
529754
350022
699524
681531
246983
675772
356592
170124
582259
532402
346684
911091
331452
662541
366728
334621
432078
499316
68231
741410
200490
970145
732613
53546
656888
22297
136378
126488
536009
104545
762790
38264
927403
134559
490498
556716
493269
481520
226319
38687
478725
376051
175971
889997
189355
217511
584142
931022
512300
187244
377117
574701
306064
485113
645217
764842
180385
85933
91306
454282
72187
63102
280422
692972
646942
16414
359501
83292
803774
936398
123431
684113
165529
796105
619804
16320
824067
665877
594998
617826
520036
697739
852684
775326
502023
758433
247485
32577
633013
396313
745357
237350
902617
514514
749242
803014
692960
799739
126411
752076
306725
112721
425265
245238
380365
593720
770370
477407
428746
510618
281931
916546
530773
317019
821608
674420
612113
710265
493673
532151
845429
635274
694654
573010
308869
411092
541663
940811
507356
265273
429709
237935
562737
646482
224687
599267
935414
863805
843128
876646
830963
499422
87380
874555
619404
234816
638573
928800
176699
16476
321599
317560
158881
932800
276381
2073
354820
705207
337915
325049
526957
645894
970814
766808
324953
835288
904601
386975
331137
440702
731466
144120
901253
702675
742365
207608
982121
552929
468293
99688
563682
983297
725761
321238
515214
808863
371354
402301
246797
814880
536905
741553
781804
875844
801334
695007
942100
587179
231974
363237
747456
147740
606454
286897
151273
235185
129071
769936
625838
528016
484989
873445
134920
339936
59883
437411
767956
858490
130671
425624
215475
930512
711321
716753
688485
348671
588162
396647
959264
131235
720023
887318
713851
738778
528243
185878
17010
250106
48629
967111
566937
736923
632419
13996
912402
14687
906679
444807
171808
843682
358280
860051
24533
884575
585619
902080
650715
962608
680120
842533
564074
963496
455871
947233
323306
894264
648190
701207
429936
740099
821997
337089
82829
223741
584102
235545
663134
367826
598534
836477
445731
194533
710932
762601
703010
769575
106484
422107
972429
874888
87014
238889
931450
44540
35924
357793
540519
471723
518542
648155
714973
903964
14834
753323
554645
407961
904387
259229
684539
973900
153061
264048
371329
287220
370093
976468
700547
544629
232699
724927
980781
638212
758943
601027
258393
218264
265262
456731
530538
159739
56030
688601
807981
907423
699371
628327
58491
638327
473175
339130
137233
591817
14385
660000
310223
808084
48796
929532
564700
512647
192211
485627
412082
439980
373400
850931
740375
413166
199924
646261
972162
150219
769732
792531
84371
73187
205558
161571
218097
821787
322743
371834
74495
20319
455733
151173
636574
446850
601871
549619
773094
694841
617368
710631
898162
187380
703178
422831
384199
13211
792319
324119
242552
647303
421049
203888
662464
863359
297335
739281
288796
843642
860171
446886
882258
871543
551471
875530
866657
112914
719122
771058
550223
596686
184840
253361
523622
328702
524169
583999
993071
936301
677910
616411
404778
811137
56390
210692
36290
467686
316549
184347
719024
917846
802684
227994
895776
510414
262427
806510
557723
764809
847017
311702
191246
505284
958671
47008
548939
719753
428964
994135
673938
999458
789802
719567
801046
273570
440340
310630
309823
699104
844968
446083
359547
706928
172958
384032
565849
887894
768995
260500
471180
575063
243833
882428
867825
63662
293026
985415
866948
100018
190232
58868
35692
912316
316378
737723
563007
86261
565676
908691
163828
348847
310901
917442
373291
922024
676526
715779
534692
120030
994554
674901
484480
209979
611541
993107
190546
430385
811485
733450
333120
429806
46821
953652
36518
787771
925010
333680
863050
903269
27996
188383
925588
490239
160245
285929
798771
747280
392316
938333
786560
374290
452567
321287
49908
229744
505596
644722
735094
301498
862033
12220
734821
316257
40618
425446
576510
160681
551868
43327
572267
944607
535745
51692
914009
362402
527690
784655
18625
2797
588840
411334
663389
294026
854158
733925
261484
294216
364589
74883
428126
872478
909811
637073
734824
206680
951250
311269
895247
225004
854676
78836
995517
156950
392319
542472
940341
508676
15246
992015
183233
809686
369259
963878
492638
188732
582348
573768
556376
382988
570002
103374
196503
360820
302421
50944
875620
146334
857309
934573
473234
962121
795598
693481
275057
458042
608150
156377
570965
402902
592655
49769
139247
471754
670573
225586
938364
1206
354185
670409
174573
171588
853081
653552
192672
147856
813526
252953
869436
937172
516709
923061
163400
554579
572087
675314
153681
641392
465013
923703
903457
717254
509379
243448
36620
583194
135879
791464
292044
641989
801878
342984
298053
523214
813634
949445
602449
553883
902151
104422
293772
801724
373004
923319
438648
565261
717186
457110
801601
20575
943109
24565
30830
937819
602360
400034
923060
826530
317260
756120
846793
78861
964406
367927
375156
337240
879669
875356
967243
934171
156433
296388
126562
325439
775588
721801
968206
625800
836664
231247
596357
51289
767969
510595
293124
582911
718973
834227
812581
655927
746335
755759
32999
510844
189463
299030
559228
323359
211463
948255
158196
664035
322806
654180
911891
877735
613856
206197
756263
997664
529433
768078
989400
192252
47876
133714
331270
501785
740577
821037
809581
92827
995137
806
248877
493237
552262
818374
484621
225615
345917
682619
750665
131787
135044
419398
880969
512323
233003
70105
145408
735094
431987
980707
697916
666897
431664
501082
505869
664738
414891
650948
544354
278486
350627
941554
394673
478323
101944
638051
715418
208990
772188
503860
398149
193910
862323
338458
315721
622627
471619
357152
427575
688371
216381
414000
676307
740187
20318
808319
516538
763520
626014
901315
52467
509973
23051
28833
818965
169131
304480
969371
985084
716819
312090
468983
715979
743283
93757
898610
933127
564093
12966
61412
125938
738399
756348
770049
602244
792517
290155
734160
149916
925900
306070
376525
649823
699155
825684
163126
613447
323385
581779
553802
557274
537559
541970
920771
755298
634141
782746
143614
920614
115565
983645
199006
419289
239153
601706
141961
388680
313311
612244
659548
308223
196676
596249
7002
32632
172109
858188
420727
665797
204947
828856
918137
430827
614771
521337
842109
649948
241424
577904
834617
428591
687111
745149
720399
627419
239525
222697
440247
641114
628007
42292
334200
975960
842849
602803
181028
10138
312399
340264
500794
6454
194217
125923
789188
647555
161951
50210
157145
988914
815880
605510
881644
270033
856346
764446
338344
412479
839830
684020
917834
425391
181945
961602
933566
219741
43949
643233
83088
660448
376955
4143
442420
760101
752296
926191
956542
593566
508069
180624
240414
379781
537452
475331
4925
527058
851548
520158
204401
660145
362277
636784
957296
721550
776175
106604
856397
224447
779209
453368
224544
365460
203514
713921
67970
665915
156101
305490
276821
8956
936367
144258
443897
952022
814837
860652
369320
232292
421536
778203
352472
888767
975004
951358
977441
462364
231502
443310
928904
397657
893152
426456
503364
482635
935741
538685
170716
875443
752304
689117
418820
492476
701353
722625
426541
211603
710853
226289
327961
814210
710469
825598
34433
367894
792435
196053
75834
853120
727667
784443
671416
301040
216826
940391
814320
348432
755103
347807
748836
712883
83929
230392
394599
461775
173305
647153
792010
208361
770874
865172
334039
505160
942
637305
543537
253419
935339
392630
411711
794513
294622
136731
15615
667454
208961
961514
262333
535260
775499
191219
615956
958650
63391
152399
964435
292916
212579
966139
107590
462929
676419
347645
951457
624983
30848
506943
482002
614328
253735
720328
862540
416417
792718
221897
337968
400421
483415
48956
868228
918064
890563
667309
39810
284966
667049
944612
437952
68728
849294
648483
214299
52111
84932
689710
615863
592139
802876
434113
703473
568874
290353
413267
973601
709542
991292
690507
881779
307877
914017
749034
749699
822289
475620
74118
834541
603107
819231
906255
712068
50063
927046
638776
268324
840051
293152
813127
155150
867273
544280
248087
429675
723691
765059
631090
769852
423302
734594
747219
83891
663317
7940
986006
133517
333536
954811
248441
946605
40724
523317
910487
227849
153804
942928
241126
125692
402059
156519
603917
967871
964824
81857
488685
10818
695813
395682
262473
168231
50417
6730
375328
924583
414390
609941
719189
395635
231341
460259
608557
308407
773048
370652
307951
71356
148147
677139
350710
340038
424328
154426
337804
397718
31597
580947
934969
458322
59285
709319
490156
252998
760407
19548
474145
752389
580120
352188
505452
697212
828366
927242
898685
277362
804087
839083
433818
887773
21616
796768
106961
596077
340188
730061
949745
304295
114177
467072
118773
966119
597728
953730
189557
379286
957111
31797
38427
747618
380973
912580
488330
686033
789911
192284
606502
132669
636766
568675
158835
1456
203251
648689
54965
460593
939142
844626
718559
592508
85848
928412
595413
803097
804
390523
156134
952666
86761
612236
520375
246393
422764
875370
618022
621582
702248
737569
300150
287070
184485
879943
434536
151824
203989
994405
542532
134451
425482
814168
553419
132930
258526
489410
529443
840965
811525
486719
530896
826698
469952
555978
353788
200195
72303
997825
39954
566253
687652
845050
97419
171487
15265
185146
333841
929761
960970
279720
585529
494275
756024
257471
194351
410626
979740
750197
423475
431307
139636
778764
766782
262273
179012
67071
380221
390452
651932
905676
83881
758824
171186
424298
120799
385852
883377
441991
54097
692175
444890
563111
955022
745682
250747
880783
134056
800496
730662
458021
402277
850714
587692
3861
322419
322646
554514
675977
481231
405884
966507
823955
13585
87682
649479
383984
663138
769521
393521
537186
663564
72603
188511
999458
59469
471235
729222
974165
210285
239273
728521
910071
928221
323789
149685
951086
253425
800894
795122
533106
982179
418127
388116
965020
188044
206472
409062
786125
90242
428602
908627
885935
759242
895132
285970
727062
687070
625245
752589
963716
3756
279476
413617
53680
295749
104778
468398
807671
443065
601507
330281
667877
869482
664160
22825
82225
887792
174603
225045
318968
435192
100502
114023
203920
385289
52185
97162
243254
989250
113248
338769
916432
552704
306506
220707
854255
588671
369592
585341
571894
430270
370371
780971
273946
803773
631835
257723
466102
330164
199159
473865
354613
495238
119373
951480
207445
362413
117381
709178
28327
134657
418010
678854
741159
539740
755319
384464
200772
903448
290890
168487
541289
879817
695307
871503
569131
918865
318379
24427
890780
712945
387934
502158
212757
920508
870096
694050
439629
953962
721754
706021
181761
292996
300565
968037
766486
866920
770983
60531
926296
915604
394777
7827
477440
12790
665597
298907
806614
935449
603380
570736
593970
795007
437009
588936
278881
212022
323433
523691
235813
603310
666967
973131
793447
392638
588095
774980
652515
654306
535334
318420
879129
998669
284329
604242
21192
72279
158240
543282
433927
423678
307473
419166
648037
614752
632106
447370
255713
22397
709028
141086
408964
115654
475410
599019
761245
996816
916689
385399
808724
966289
756582
744479
900752
955900
657869
425588
282226
951137
273063
657373
144266
974317
612407
955430
457341
676084
689941
608094
776560
642651
517503
364744
607721
617462
6712
303685
871395
210323
90624
935632
874873
509279
29476
653965
921838
268220
430647
180780
240533
284045
640519
107382
290693
154987
753505
617070
431971
804794
249283
143673
374941
882854
595709
420194
742898
152548
615476
110909
390197
722243
818082
596314
314649
116822
613041
923924
392483
234863
734325
662357
487024
38138
197586
778535
330770
724734
804796
426965
661223
228313
914953
58207
988464
877058
911674
206039
363229
469391
484064
644808
570913
532492
956070
577845
89431
428382
351753
360807
200446
511944
391690
370517
497826
756243
26412
527466
607900
231086
548126
807297
381696
584785
304636
451797
595550
411927
640749
701643
65806
420353
251041
908492
78699
379817
306519
36924
56121
478716
12815
765184
9517
368958
948152
899180
360052
751725
537160
421966
531874
497321
459717
277530
785033
289121
23433
865084
697850
33112
766949
489565
37870
683066
781100
501259
93400
579539
937440
652663
388065
574276
792422
577263
500908
325043
215438
101305
60812
137410
143791
267959
479231
653406
529916
981984
935764
88156
63145
742601
689183
564743
814479
7446
875369
486213
622112
567437
458098
896081
155800
835535
263579
344902
421387
771692
689658
659003
718014
790324
809702
913048
98816
465719
627557
366106
197481
722689
526921
248254
213659
396218
507081
926846
263456
277810
70537
168948
486525
784872
575573
286957
529832
94354
565298
265633
140805
77205
12275
810902
912412
141414
166797
916767
773322
549324
437548
957763
779246
68196
220023
418964
242686
659096
872141
91428
578792
128345
844531
742671
495852
626827
185400
951985
914420
125474
530322
860023
968919
481028
731283
936438
212706
95478
823916
22534
291460
959614
650746
138660
209966
377456
42491
321673
240822
704410
612762
231758
188016
346970
390222
557629
719568
964142
157295
828347
305276
919963
7470
701656
949606
357830
200626
467699
621279
331971
668443
762454
560622
594250
999674
778673
794082
693024
841059
97096
836535
686749
234193
308383
502124
677417
639508
479093
844163
450762
233674
269538
998012
993453
822536
529483
88894
562462
410785
205164
805803
84846
949135
972524
94626
432039
225269
614521
389609
59464
811089
864155
65106
428132
961375
215721
84728
474761
518382
726733
253722
875840
370772
958307
985263
184945
386003
556750
5935
280988
751665
169760
557425
745191
172025
590635
233776
196234
467167
578676
253677
565678
103672
844273
760044
776464
999260
700517
691257
849111
616872
853638
456179
977413
572212
742292
8243
698147
475909
242635
239402
855215
769435
121872
779990
487647
185485
587020
713772
282961
559118
210382
794192
19458
685317
285690
636622
131657
610834
379108
524398
642442
583966
315597
245731
212837
973885
68254
886086
425506
827545
32943
585928
189623
909307
365585
61580
341468
426883
266095
21043
645723
212185
329739
432934
484670
127092
423168
508107
246596
845269
15301
971064
989533
885148
832145
672349
367627
888571
242974
224951
677740
72322
768461
509333
484655
44476
673826
508331
59592
7484
525269
643541
192997
532879
499202
655520
716667
595877
535946
319167
78059
337718
361059
158668
190122
95718
358691
601830
921932
907071
543635
351949
625805
959464
386834
824799
95695
651122
766462
803867
680142
532027
674836
847379
309238
629091
383954
98017
837337
804547
456327
909307
821046
378314
393038
802621
152562
286053
890721
924646
311277
138244
737742
684062
253115
150885
298784
117694
803828
825599
607344
868483
102704
876830
669078
928253
255929
597123
640200
513667
853581
505880
436052
641620
723747
223718
913330
556581
594164
607364
737695
159421
903151
32923
768006
599619
795308
627726
983551
960432
604980
512517
231342
444556
386225
194311
735550
741416
95283
542206
565349
775941
150010
898138
228186
177126
935625
76236
303712
796720
515057
635744
516743
471036
971324
72456
66557
596849
235288
565466
277243
590377
893057
325732
916606
230401
962283
839806
207789
401503
730202
864879
378946
650921
953338
620389
995765
442237
212855
230165
228268
147973
367587
638261
605855
311788
212304
611544
977096
501172
854124
223834
91632
544695
798788
295366
22107
692431
24035
354795
606711
740718
931768
201967
799907
124768
999828
683155
79694
436584
514544
184755
374955
36167
114609
273098
858587
95252
606066
937916
495003
706464
567071
869937
393716
107409
816765
370070
932186
220585
928152
90748
980257
302452
392420
572609
833814
701775
198353
278255
426428
587785
459890
552428
687840
29430
687261
976156
920536
35396
992852
597412
919694
178247
672135
351675
647413
432205
118877
161772
452801
324090
333676
462290
714761
594397
435528
475187
437019
966704
132291
877926
947877
95647
508420
32760
353917
486296
707506
334106
622399
593516
971815
634445
985208
320110
748339
712328
805736
271559
97470
536813
530400
284484
979377
67356
382687
402086
115343
216153
90221
659669
559422
488680
24525
292362
815738
969496
340216
860017
877113
110109
165229
438700
691543
850136
722946
277591
179016
597704
996436
578102
155850
469044
399994
469674
930822
832318
276807
76190
166227
26553
76335
367086
681621
899289
341234
832068
713460
160207
126042
456911
870913
660911
19070
324829
918143
472640
188491
938118
44770
785232
579497
623772
380114
646434
937724
624511
451645
711264
539886
424571
706069
675523
638679
688464
748369
928238
79135
655862
916688
198852
192099
850517
143618
109439
509289
992840
661020
632766
447762
180548
204028
862042
192612
745107
335404
719542
423842
107336
555531
260170
393641
171510
136014
67385
93479
424925
956012
53080
152520
943537
939601
751117
318511
951014
287434
150939
427653
919538
918507
697355
760508
187329
977715
2094
732126
326580
559139
808447
488681
534007
141853
509406
587138
650892
101240
492205
917897
821738
213651
164463
426723
467949
538336
237818
851408
805913
919596
579046
146762
918024
450863
518654
120717
610928
368342
346898
283788
421367
125569
87362
883422
395635
466600
24598
996980
531678
523697
939245
823822
354132
478754
292078
548346
81101
699659
361538
529292
210187
432209
161052
27821
122242
192771
748383
127384
758441
268795
156337
367883
931198
789130
241910
188950
246362
767724
231867
385493
744604
959599
206789
562425
142590
909184
694531
42471
125056
369043
777684
973463
497240
275885
594123
316503
401311
541638
464438
190850
409503
470823
284152
159778
582450
45480
442515
58299
584839
266547
562524
152192
761296
656225
9775
12040
903225
244327
90645
561007
993187
168210
592845
803203
331793
943934
562304
435044
461748
160714
927377
536104
937419
261902
678259
342307
916044
446578
315703
434625
102135
932734
784154
908359
673533
722988
305776
815080
988006
661532
789470
852367
899697
976872
821745
153559
412777
712704
791462
264833
423091
63666
678184
257827
2594
643217
238047
478690
863320
269085
174348
949735
720102
885172
412607
503957
334249
44780
398868
694619
126219
949563
213031
281012
179438
998290
15587
918210
868552
433148
722076
390497
496510
272123
482614
620303
364196
115700
629675
472052
907542
612313
425537
246970
175592
441177
386515
579857
367883
490630
504258
828282
622290
342440
868061
878022
424586
717422
177703
469803
761201
334698
83564
951178
258742
592353
395799
10462
956828
543934
520436
762873
215955
252847
452603
432283
979112
890002
419465
925551
333752
968070
241232
289626
58057
826141
759783
298203
687178
512244
621650
643347
439667
694801
309941
861608
348969
922596
16546
99231
160966
109483
910255
712896
183789
908304
431316
324155
172689
509426
741472
928725
175665
831126
831427
440519
607269
403116
830228
780706
530090
734927
187345
238845
239702
650603
900468
154278
90466
70095
785621
748268
284656
428779
518801
618282
818473
719320
524886
274896
954374
728017
142950
934204
419779
450990
970878
45942
721792
979996
284609
505687
54954
761325
46092
628472
37279
691921
12428
337953
897469
623207
247544
448490
723038
536272
854209
770879
743455
294944
319924
36184
328373
638663
166278
687389
584693
755445
656968
475871
345893
826926
702151
690530
798719
364622
574702
291183
88936
950878
165216
347391
215563
809601
378127
491523
84160
977044
533759
117749
658485
864268
712491
813184
967653
68926
507639
309617
585726
50970
487732
178727
382419
745172
318939
351130
951712
49071
606578
272446
189382
676262
20173
948449
374100
868841
257825
925491
873009
58551
473630
982795
406501
567697
837658
609566
902530
240482
946679
201753
599403
343056
540560
302084
367355
875156
739782
690267
504388
441811
326905
88499
238858
251608
976907
955629
494722
349392
330281
269778
993142
525760
771840
737511
906348
296056
590007
121769
827414
583164
819271
570435
605979
796525
292376
735105
571019
354101
648897
619130
331342
169927
830650
347658
994776
769321
590059
967958
119955
909313
949654
681779
342395
181110
485757
498260
813736
872865
929057
999137
593286
700250
353041
135797
182555
832072
439861
84329
314977
868536
961400
688003
806790
156539
77380
931776
696063
116171
489533
85926
266136
391517
443546
491073
50668
134795
987784
329360
71428
386295
920597
787816
514274
391086
309462
568677
475128
758294
155883
3387
793423
530027
950237
388259
642999
392764
596068
447805
837927
672028
414112
749112
9375
518712
232355
47835
712450
30291
745302
785784
559922
110011
931178
446839
563153
245789
966124
434570
144027
601910
728907
703159
253751
916987
270322
763094
302773
992905
586757
23048
862395
822754
232899
539321
875296
844653
775404
88987
377726
311356
914850
263223
215048
706449
609237
875604
286836
374768
25929
542152
362018
968328
89770
33382
554007
721205
998756
553190
346149
612571
760530
523855
549160
162204
618153
57292
570931
34365
63221
989675
732597
5167
978022
271276
456459
969590
391827
550045
482997
325551
230491
833647
188262
390018
189116
546344
480365
867310
487011
133158
855305
357965
319647
689282
419786
456136
121653
940288
975085
848647
428351
937748
683704
963182
167817
877069
55024
669316
399028
55610
999514
902176
482281
885521
428879
878137
392164
557296
414533
172673
788687
522162
762738
504710
958584
150352
934445
381482
764655
521854
161699
463000
816790
202647
433899
960553
321159
306481
153839
952238
771025
85694
433694
277455
44842
30398
352425
778070
159830
989223
676211
906753
51968
561590
643996
697414
778741
345464
574440
931619
689445
328166
304332
879678
229847
281271
479567
683597
477057
620045
572954
529441
536552
873427
652952
716206
554334
103294
793810
737162
240959
403258
101289
220864
479853
268385
41209
76408
274667
164730
697766
525173
954188
382568
734179
194017
271828
224081
968246
262025
456415
133372
773661
66641
426807
670034
981246
655555
956678
136842
608213
353748
568831
460727
966614
57784
544082
881206
563086
801912
346813
504366
739788
700995
965120
870152
309895
154246
780512
458451
524649
661009
176937
767341
660555
830746
292006
503268
810155
608566
973263
240422
203687
802172
506671
57761
667605
369144
786440
671133
260177
939441
910244
760260
947376
677212
653349
756664
920558
634111
764220
133906
737183
387787
279527
207584
748604
986998
688847
800197
719213
903455
653566
407831
880597
386401
177203
749018
69259
623604
147819
962314
148325
522781
855192
677105
713263
164017
144665
865601
43169
807811
73720
904975
118342
449121
644087
642945
544819
755987
408757
281445
431297
108472
337583
358575
486382
182941
370125
727827
656091
854022
719423
28416
923681
914502
649131
562661
901433
94243
844946
814065
317916
340346
939388
759353
792406
79011
806464
460611
980969
462834
593341
8093
145342
533653
523234
481784
774184
563317
802041
103742
349281
534787
167427
8037
622616
940131
81621
150266
578814
437506
597434
312070
221696
328521
966330
919231
366280
745584
959227
338334
537659
960914
466807
488114
290415
154350
285473
673652
218775
365275
635733
565401
861882
888279
526817
62407
95416
745347
348211
30832
780087
491857
261847
354253
741823
124754
840692
867683
387979
476972
206025
287790
866118
93403
191977
489569
484036
414489
791651
132658
573550
639906
580653
421147
399120
775610
372106
578963
308275
574849
934166
431261
241487
205729
491144
459916
978303
249416
979896
997108
285562
312593
784539
328176
79997
144697
698737
725316
119906
785107
371375
734550
843911
753223
154377
789318
334615
657107
134581
619304
176614
10614
144472
328734
892056
651916
356088
187359
835821
727086
709291
128352
408059
368551
336431
138952
124507
129570
120585
203415
98189
777994
94514
235670
316970
935272
996896
837001
103178
366645
348835
654526
202832
137072
538123
218852
667837
931747
326092
262112
588169
89789
457994
428709
670269
874508
114334
24859
994590
185100
299586
997781
632168
283613
569144
975555
470650
341728
257705
445338
92873
541553
412909
612519
131951
64062
817395
685111
904435
157650
349262
169387
304881
310876
874824
301437
867023
30805
920745
328292
843482
195982
283690
986250
454255
951108
657812
152778
6309
130519
659384
558180
370391
324450
206419
801334
615472
398238
320522
934551
978533
132455
535801
806791
192207
751604
935191
862398
600385
793375
117724
751293
339158
95334
743460
53399
559798
685840
266565
769156
585592
814478
889170
557913
660806
966041
953187
948167
568334
430791
732690
111873
939546
481106
75565
818198
765113
307724
951454
824772
828429
732730
221671
868237
677452
20028
309450
955552
851881
919899
485386
620369
166919
889863
741649
811449
164073
156924
376404
937702
943260
782758
840386
283263
993699
747930
290862
320019
678793
310007
999368
101672
103137
181220
799082
652772
26771
28109
696806
231477
288380
314882
920793
525943
144410
537619
69857
473920
623439
973366
770519
634809
489511
705878
439830
858627
725762
6577
439086
66499
491633
791611
90139
29738
247802
504997
119770
379291
360028
966839
44763
463677
52099
368149
769729
93821
797351
921723
123539
81132
620395
821442
382496
768473
951991
279449
790479
353060
135207
345552
577064
380094
855712
925671
341669
229540
62658
556027
4855
525287
665944
483085
409436
335734
683870
957197
218264
874195
219730
227178
620915
160300
552512
655762
39330
318507
175186
476699
758434
992330
697705
882217
877097
617972
874058
102434
205033
764228
793227
778532
383551
869961
325106
784406
412057
504381
135853
629848
929925
622082
349492
907635
662233
965632
532663
14535
203626
804214
961564
737241
767368
401093
475555
239002
590830
291372
286785
186635
910433
706954
188590
425323
43819
718297
94716
147571
954759
179001
419140
246305
251964
164896
967350
949447
318050
22194
143156
556771
398257
563228
196686
447746
99754
208970
755517
369688
111917
813796
710485
658860
225431
268751
157058
950316
731226
191721
77316
843989
828329
343219
829741
222561
663782
201273
100019
466412
757881
979533
74370
895358
957796
611803
551326
951375
402611
775009
262500
955610
141459
487363
499102
251045
295799
233330
86011
678017
888367
713319
788923
486624
491612
33773
726303
194010
653645
829364
870318
257446
783833
803304
752115
281917
339243
444201
436548
924002
663298
593905
271333
965695
250601
616146
226357
249578
1723
953911
762504
667310
222059
903919
824114
605215
756772
139154
746346
18272
335084
865393
740207
707437
798981
172417
930129
754853
469376
868049
124438
808052
410194
523632
868205
846988
127430
1984
474717
642336
93820
752542
252742
930165
934972
190086
145863
279396
697023
750558
618091
160138
983326
407096
849943
297638
635441
534165
796592
821834
719716
700172
241950
508942
573724
979362
796435
370989
645257
367352
237218
534741
353266
744428
292236
565825
401270
177435
723385
955597
936724
81970
877021
219028
691260
517739
841821
344147
867585
945797
613053
231477
622067
531023
537764
442581
803733
761935
491752
77949
57631
361219
842083
939016
48216
279321
167936
133021
153550
24400
849744
759871
311705
383260
826336
755926
101989
87198
395568
210929
226648
811857
294100
341582
47872
152608
780516
998213
610256
110777
36899
988209
108811
873206
109252
694824
321308
508091
260759
17495
508469
338628
277099
512142
12211
857623
27905
51467
589588
550343
718886
851075
72251
347906
430771
383655
96277
771706
655180
355208
790558
593772
444540
902590
626874
678082
826759
848144
987268
380706
529329
788678
203202
48890
937421
628040
36188
620903
751527
341893
347574
746634
63373
965464
856127
71968
775415
504863
793019
662012
248205
649066
849606
991595
789809
282351
216472
442658
623258
561792
528356
524279
536185
990339
194839
926179
754785
552419
246375
519745
226464
524764
385248
32144
35345
545630
657002
744600
410713
32567
541725
178148
156855
225642
886454
742162
156322
8214
404826
920847
948664
481741
247953
372453
155030
811359
554329
450383
195036
458792
269703
705415
786723
543547
478017
95653
22334
112713
127745
690308
431610
246636
242789
659787
781143
104784
920554
800270
415470
567307
650637
210980
192896
360399
789632
108463
192610
574355
931404
117307
450676
121772
845315
462826
255372
837258
871703
899805
534542
379569
269027
45808
386563
732609
26188
869511
845698
160173
216997
220445
444564
255658
626268
944908
223967
715118
119224
388880
857541
890946
559085
431697
549752
568665
412625
333711
632588
552239
886259
640837
606137
793144
729714
58789
932374
241676
890442
315929
265525
121902
196845
732647
840445
556724
509509
504003
124133
279444
444420
546368
859356
850442
688797
41903
280003
873319
984713
526560
339897
941651
584167
508423
1755
808643
700377
324792
109544
671681
764787
308141
983315
123885
779509
606518
993771
775135
232889
789477
805662
817320
705243
74890
640218
374741
390568
358999
796147
897672
149526
244654
212003
155500
573409
635226
150857
383429
9333
27580
442576
977774
804175
158978
74377
89815
707306
185999
49899
621897
687075
664736
926654
9128
260570
573724
967729
712575
448641
126991
658471
768201
16076
664999
199785
266177
298569
52038
423699
357563
876802
94148
863473
947482
25268
13228
351048
975775
188582
177090
366064
439332
815115
808301
777859
296298
322785
225536
294597
719314
427608
105420
812744
57300
316889
57446
516922
308002
722328
266880
617758
350600
42480
437266
361426
156170
479677
697914
903332
183557
196888
60097
287422
612188
823165
746617
326136
409620
234561
422017
630501
636958
128084
882506
315634
366561
645373
127284
8052
302096
298563
703911
606674
494198
595353
248979
900939
266265
917186
526046
165622
350640
769136
200975
865912
988960
765758
800468
347658
375487
133739
735129
677391
904482
140234
904251
959425
538200
719579
491101
753895
822089
208769
546254
318974
968647
710372
325921
608613
199927
441587
869548
36620
511271
813186
235206
789404
47149
957043
826812
44127
960590
180852
748269
723249
45207
607544
122440
769964
13977
658568
989740
605719
820832
627170
55943
654894
13335
904540
703684
218280
349663
131331
980395
151828
502524
921864
954330
591087
912269
365100
395547
618766
798128
741322
581646
334741
935360
738996
880469
772446
795438
50768
401158
820056
835576
283268
381364
213854
906434
932784
136914
128918
646587
657964
24470
534225
532571
412600
840970
782705
400891
158623
784670
835245
182162
315493
247097
493403
809262
241647
988929
411868
529538
748558
92205
582573
631271
871654
399151
405367
942253
852530
71766
505487
167903
290212
895346
152850
775445
20768
434331
276502
698249
400974
114417
541371
827816
314506
701418
176609
842164
128142
197407
940897
111393
891433
893190
424130
477441
418153
814253
95059
323233
502054
843311
675354
454667
100994
945135
915057
707618
968631
921107
642746
948378
245596
368908
952761
643920
89131
244015
143557
860717
238272
342576
13458
76935
123449
442122
758761
891536
946402
475405
479722
904732
994613
649646
249722
133082
48379
55575
817204
924735
720643
810490
941860
541629
925016
962739
134568
434800
671552
986950
140089
411476
891874
484907
231092
494219
163058
991622
543903
724011
660719
276262
980025
938892
953311
809916
370060
782097
512056
348504
491275
792712
373101
624152
954063
751590
178877
524559
413496
975338
562826
274148
147094
852115
395508
136449
191762
181857
573181
635996
728616
15364
283346
904916
923316
903569
593552
764271
232467
89313
457457
991964
298507
293414
386642
660291
97343
758834
201679
100136
867375
355525
626157
368466
446555
411456
726117
398303
52476
232008
306780
936808
814714
801184
280850
633377
915899
807956
957902
324357
143041
826336
523666
309775
766516
891593
162836
825115
875626
447196
83464
371872
253157
143589
46320
13556
801167
387736
932750
10482
633496
725659
690865
132073
360996
270698
208191
312982
560068
587519
662310
234051
443321
314936
434314
451642
997130
196892
768064
867508
937358
23059
639209
571318
148362
786942
631144
908973
102255
501046
277106
141307
320242
542332
913652
293167
180483
982173
639871
301125
801153
611169
469036
645516
571549
136805
967542
252605
817056
229512
892949
585971
682312
845483
219708
481143
202678
386973
391875
105248
752533
128014
15714
5374
291475
815322
203195
548159
932550
183075
250418
882264
938599
720896
477658
441245
634921
7276
134490
62344
225939
88859
554686
233452
171594
647817
481737
995223
210852
113428
754990
678390
633411
676719
378581
158294
100360
529344
161596
878246
246555
225276
246080
285432
503097
891535
507758
139244
452233
241475
836910
349046
34147
245917
641155
315643
11152
194912
225943
519251
41298
650288
642726
948648
378598
824627
413430
660274
780232
636062
900944
83716
621265
177202
180407
714940
666361
542766
798456
371371
343911
804709
343964
104798
744118
867274
15069
913091
215982
760706
84498
766862
469319
797831
838190
681903
702627
653562
384489
625547
587226
563173
995017
514684
527107
688794
480360
360296
546616
117205
961886
151728
506928
403274
911981
106466
93140
126815
591683
26853
426039
986531
851566
93015
116567
980477
151685
687515
410804
32699
830996
530313
790038
65247
918876
129228
370368
842708
437868
759454
136200
110074
883148
579186
642536
804645
291836
300150
502818
210377
288536
666544
286990
865390
109721
900262
668845
614734
577884
196623
548103
703363
564297
770726
568726
840620
915876
821975
987730
450004
418241
252334
91290
710539
652030
398973
728349
957112
65950
508052
628836
807024
925338
788813
177382
906958
83297
256359
560322
691968
236796
208540
501126
881775
941061
499130
516545
847472
39900
657847
515055
388184
828661
386721
470165
973667
420642
83902
833071
150875
593129
618095
61650
818989
109230
251297
449112
549090
863889
69150
360474
554101
926649
171379
578682
335639
766533
879577
476076
201421
309059
907983
12231
592497
511388
479005
206320
828058
580299
443720
427570
994286
369014
63052
562986
849482
585853
699523
78527
42439
348370
255432
415511
498146
712045
170878
506394
892468
568731
706580
388484
289855
768738
829617
670697
113358
624494
581751
64463
409181
163513
361834
205982
719279
304386
169240
179721
178923
823354
674031
375066
425071
685086
607896
244963
893159
731777
61445
757583
423690
260152
992837
351934
293085
327810
924781
136320
685978
315896
199802
216005
122985
885157
626938
717816
745457
241204
641048
326705
993158
535708
551143
413174
155213
719447
31695
547521
511157
12525
437257
916005
456312
471915
457930
606878
937397
506772
548736
712377
193953
483945
54016
629819
378001
234342
142233
74069
898331
373005
421808
89452
312556
722937
293072
914838
712124
57702
493120
126016
727829
307779
553306
782402
734891
63942
575183
3613
111706
708996
130591
567168
974343
272003
240374
751137
926316
221793
561642
240686
688414
803854
415609
165902
381382
9546
493826
204196
710093
324754
142859
839089
709792
71357
591266
537472
894755
291001
666725
488862
31022
829368
271011
292502
118497
71163
344627
533546
569161
884541
74966
362795
110253
876871
337532
651923
260376
198543
348383
527308
335025
497329
991694
134787
992631
910020
962671
886396
603868
565359
60872
940349
189800
421243
287934
398870
896782
452779
362151
235532
750869
281264
19762
705323
184582
171211
732874
775348
612729
855759
773132
630614
205191
596785
142290
866484
863140
512235
369979
967385
949690
592793
437823
787882
70957
36178
880226
60991
736987
521978
274319
106797
554469
44103
881023
776038
724020
235364
672598
934371
61895
323296
195220
568171
604299
476604
211942
982851
74509
879650
119968
685698
195091
661928
822063
281985
407260
820743
785507
549653
423871
147625
208504
774764
978645
136429
455858
897231
935216
60803
155040
556613
694424
57138
938470
920901
528741
357348
880093
39138
894735
41797
20972
47289
956484
535290
872261
161159
912169
654735
813884
131677
518322
952283
653365
631247
495900
477614
897420
3055
49538
145036
815475
261896
318926
948139
772240
768404
13310
669271
558375
482988
778029
367778
971328
835330
827439
551150
719393
697158
33763
790921
236179
993507
921509
624394
298007
698181
813404
810953
626359
925471
632055
937208
850756
811971
582011
242874
15335
828469
164450
120060
531477
450279
572290
901687
83776
158051
312216
256539
820741
210523
398489
813258
127815
965263
130293
8834
673634
574788
411375
187908
397632
53066
913167
168278
936041
46277
737889
900555
387470
564729
91928
425858
289999
71011
454268
190472
100405
31475
484558
334428
202617
89909
784267
395803
496565
77923
622144
446418
917393
159845
354062
189861
818088
119703
741968
487857
182906
60725
378312
219823
389386
170970
527558
249036
112842
763708
819115
991855
619550
705672
960234
931026
903918
882229
149844
251262
572005
714412
905393
857219
560214
82355
844133
582776
31777
356329
229832
66499
563073
252450
787822
832260
531440
187205
508526
933527
53503
236722
210453
905813
354274
904883
486141
387625
444063
895639
964227
128847
957956
95401
650352
86730
878256
608078
788574
634713
589854
902852
196671
153579
822426
114803
30079
257092
110862
384018
404149
414481
45019
785236
37238
563146
385971
691852
612157
12081
28338
672380
64877
51422
90610
519240
945825
282778
864777
527392
430211
886166
438225
854826
954963
801349
832299
806258
650737
294492
953447
262977
638556
121653
722227
611670
650445
734041
123634
210346
373185
615315
720809
962286
611511
752288
203723
920656
581952
699605
794552
250831
800114
776359
396823
801078
396998
103135
837765
112616
738374
323036
272820
183356
396606
194661
572990
486824
74965
129259
704652
214883
951847
737500
586715
760834
714042
380196
623088
168402
151626
776327
457626
63071
879047
69959
834549
127971
169745
109893
152640
689739
859775
816494
885298
265994
887559
388087
38153
124865
868509
798536
869911
221262
706839
30831
823652
904738
167226
175822
505938
585518
632069
86431
591926
951423
169420
851178
724707
128701
896391
734929
856927
565846
936541
949419
15331
78260
104742
978019
618005
174167
60761
684036
154140
724885
281262
949769
256090
571558
771189
577079
928133
718514
257479
531006
931370
268328
232484
778868
481906
254611
910474
280756
110887
176865
812859
473313
820740
417957
980372
227705
473910
806073
81683
407762
635290
899146
492065
652096
458792
340373
736745
328572
913601
226041
429591
369195
568624
192690
948614
813577
587322
526007
460377
513748
393180
394790
828956
159662
938654
801636
88037
502888
647117
177512
144657
223552
776649
337990
229376
980242
473016
246949
633944
288660
633566
767953
455241
886343
224019
931243
820
862892
57952
620390
720444
505888
293996
91482
552057
777467
286241
300045
780432
877102
639930
789008
278627
226804
625190
564405
922535
773607
551921
754533
216054
270973
952841
753038
237183
223844
298537
682347
789744
367172
967405
661337
988343
259615
704325
373801
819577
887739
58316
313789
592415
833245
486601
592846
579407
513613
224658
157170
455957
377648
735771
134859
385802
513724
249832
34457
187524
678830
647400
775939
316729
700749
675201
853390
360678
383292
97308
408154
639614
118615
801688
160129
883283
686829
503902
437606
947234
190425
277998
977229
326341
862372
512239
437006
766171
835926
357664
906661
922043
505783
891392
934455
302104
44675
570784
661792
987567
285195
456927
196770
922939
626426
914160
337433
479884
313407
614918
599476
471307
462643
33245
51768
662311
409103
145312
719326
9306
513609
142866
922667
560157
259023
994626
795364
987917
563133
209555
844112
479336
167005
324293
914298
522753
980347
872041
156025
843973
501750
227108
227856
131719
484537
724556
363505
786788
691672
95727
909923
660137
888167
93709
875157
203465
984175
182544
753734
629342
397061
643905
227807
826219
831385
142426
990806
696038
133844
884515
35078
360052
758621
63547
934685
135767
702180
899378
731557
366379
880592
48394
309499
746791
454282
990034
226849
553513
532825
393905
579625
847601
463957
517435
203759
384865
215534
704414
101356
16574
498671
572845
21513
885546
926328
768976
205342
584778
39779
889820
616801
731072
144308
665699
520145
468272
493539
702534
735357
16636
902617
658826
8301
44087
897206
901093
696762
953819
100242
10882
261138
28750
669610
830345
125541
369144
699917
143142
760095
398012
781713
790856
216330
456544
715176
890099
179550
941566
208729
56509
106310
509026
667036
789953
88105
859536
999781
583074
107345
183056
261881
138513
361478
932271
230073
653557
928204
17816
890516
73303
268667
201401
662690
134410
116283
324867
507739
572226
698341
9637
539997
478728
266114
431945
678914
525110
640675
62934
188194
300990
608047
462019
19510
479938
978853
898199
542819
94741
996654
617921
828085
741166
342590
48196
782071
347208
17715
161286
633472
809723
916991
146651
49161
565724
273294
597437
351709
431288
851273
179256
94045
998897
247469
734732
377997
284412
906145
512684
487743
91169
510991
392235
865580
709912
777314
295120
360813
790968
289260
403616
666024
764887
564089
149073
297158
980614
579245
328816
390184
593539
20130
490048
683912
270459
498572
616254
743146
348556
92474
990713
184146
717736
120815
58451
742827
378752
549228
822050
33915
58414
763198
726381
195181
208138
853711
603518
87392
776788
292140
75803
493969
70486
22392
571648
22721
685298
851515
838673
504930
599471
519558
17680
891515
891533
297734
689418
651691
682910
611459
252890
393432
224134
776651
489649
831855
316025
735580
883021
298520
650746
842490
710845
796232
355595
848803
851989
794658
158628
431983
668054
771935
719254
399550
644260
612148
557899
189678
515403
900779
591129
253446
623742
685466
357560
318204
526886
492584
410862
321536
75108
469632
456023
941953
138358
757898
718964
229906
767573
873501
268920
551268
851523
773825
915877
864809
554284
196865
382265
38270
109886
462074
788275
506906
904790
49563
939739
258243
677029
726547
625447
350657
931278
170776
285754
794651
470631
799519
752195
327003
531505
324926
151622
465295
700214
431593
463982
401775
126730
703394
418552
634253
484649
697988
477434
998116
78583
282587
374130
920436
987080
330664
149211
72541
601620
296447
658827
274340
197373
447188
414424
127638
320429
418426
835080
889482
987111
62780
421764
124816
43678
259583
337664
32294
487986
253002
310715
429074
374202
219874
924970
269155
924589
144739
145347
832443
365996
749514
255772
393355
932497
11183
800989
550139
994954
664050
840106
459175
516096
985625
152333
103867
783620
295640
557225
208796
603624
976535
865681
404288
926037
32911
650471
927563
222572
735683
879041
511546
43404
524976
747330
431768
727309
208929
779334
597635
790089
948680
339985
599682
440423
161287
554873
278512
353606
360111
747463
327268
436752
362649
22110
530071
737467
404478
748672
326655
631579
692333
277944
483569
94441
441824
573748
398202
685349
759176
467341
572421
737644
660551
164292
168576
15666
134961
366770
950898
432581
941007
256128
626204
279528
967233
873076
526991
969002
344602
316474
384607
110022
496931
936542
470014
376713
250160
690794
537192
500882
991181
11857
494096
518355
356717
506657
669860
709560
992325
473419
538674
985517
535376
521200
209365
359436
550510
229862
255986
360362
949935
408527
919749
92170
304115
804334
503513
352357
802941
396312
422752
732409
954031
901492
928209
619434
871653
592524
279142
493693
131745
794244
503611
545129
272566
58246
879813
228131
131204
521779
772441
939591
608796
43612
216938
599283
73747
357494
243615
958180
375239
389461
181655
560209
551065
116376
532069
269474
7738
545439
682854
943438
202718
206718
769559
409543
921045
168468
196496
112800
489726
875175
549963
443109
375453
110452
699741
99315
819810
892124
977991
451640
372125
570098
61146
650719
821402
566523
638805
494960
478135
196229
50449
514121
973031
488010
310524
724190
619403
599840
327268
826624
43406
711410
215886
947352
293206
450920
109574
508942
88057
168487
347705
655629
664522
571412
320184
816863
811574
827676
310823
733878
628914
778692
457723
601225
152142
754416
896163
833622
352319
352662
855650
224290
189900
130134
685306
210199
682658
700367
709008
582182
104181
718493
973275
278157
791447
138088
419409
573095
584953
164228
399861
376702
147021
733033
805774
422751
34966
626159
967150
748067
662993
531194
512752
880058
987512
243152
939833
293907
704682
300908
203491
847677
333473
908926
507125
356625
799494
699749
936575
153871
569563
929369
265840
129435
343689
39367
972798
912006
446265
436286
282262
79835
897994
31270
249209
128567
263757
445308
214911
112627
255218
649691
685004
58401
245784
382874
377718
946731
259309
970324
36928
16895
441856
64282
395164
64915
883852
758928
309992
117051
319240
767018
424918
591466
992625
462646
680386
17497
514171
267044
552501
532940
318095
175472
233365
189059
334831
726053
425065
802592
646501
527820
426788
966074
685437
732758
37075
45590
450234
533247
358174
348523
992097
125829
344834
478898
556153
306888
913647
875290
360291
884512
901909
401998
404402
119476
60503
568095
80118
511967
529751
69062
239978
41889
821753
35264
489524
302019
193737
994783
747613
590066
49693
902804
625656
209115
609731
14196
228578
18448
597959
614656
200123
359601
576603
570499
208190
272746
303353
471961
631495
187528
456607
69445
209287
442577
480025
901747
24681
312017
158420
58685
363565
524220
216458
324209
110129
354790
869632
555506
26363
796666
408640
335165
51496
39507
302055
342900
639748
446191
884237
279537
297852
875043
545761
35616
651374
337693
576733
514409
197444
779940
418727
724155
935261
280256
877359
614544
98296
572577
354781
395013
819795
83649
368261
145516
194751
6518
146785
139753
875935
929261
539675
662320
618321
185741
798365
193145
998488
447017
638434
391404
501060
847404
755235
764371
571086
723557
613072
875818
628342
394021
731257
479744
64399
642307
244940
574922
430535
729099
865421
933328
705730
574617
306764
93336
858754
354885
242356
290944
362329
266096
130561
347871
976269
691022
967466
126800
275382
651710
484398
705069
945060
162535
492197
709563
876552
629057
147312
49891
892504
960349
67924
176660
379943
489637
184042
633469
950302
470212
622400
393036
864765
250981
811665
679465
119685
708228
647288
631186
457500
395115
746194
944606
380796
951776
305354
40783
485087
721286
895776
695721
79792
753429
255912
146338
764205
33421
968022
702494
694042
912257
724348
90358
846713
852914
895907
352002
196679
581339
682928
960852
486684
56003
917772
477860
385718
403186
906183
641812
377295
963975
417134
968895
625674
677846
788404
570087
330315
66937
963101
448354
48306
519655
17775
883014
64092
862757
397976
198750
410201
767325
433495
100487
131733
242689
418059
478565
672649
435501
413984
855433
540389
492879
6311
63917
439246
428630
527798
775037
939906
757675
568717
980092
868254
668422
694719
323361
667783
674911
611536
939
199255
505953
47732
948484
184703
866381
559737
351918
894165
816090
811078
308480
706317
990444
925307
740442
610322
691244
636133
569111
75558
249798
523059
275507
308505
276443
428745
309919
841621
440617
143690
825066
98532
59454
726235
746909
278968
31078
177724
85296
247564
160770
522496
205144
724337
997971
811893
503639
159526
507580
874612
150859
712642
163146
195621
599920
376112
618009
310376
270793
39688
993898
887549
641945
647217
661139
331547
829478
163762
106765
790837
39260
717647
844107
569516
429496
13561
784489
245985
49609
687108
998643
435952
520856
820998
847534
925733
443106
844854
218904
690681
191656
625962
730843
609367
629094
626410
905743
84230
460380
559927
976920
402755
789540
603267
607463
19501
618589
371307
153001
788700
771128
561200
856061
196360
573257
7311
317472
151840
760179
871004
997459
855269
911492
781690
978187
823489
169886
585945
119082
53978
16930
821571
374411
931765
107494
94821
632159
644064
41737
868728
730402
910088
122662
680364
785786
405607
804130
869707
673043
543112
948205
633333
772901
554814
758109
355388
410837
928798
767529
112644
84589
57565
131787
139008
6297
185529
786235
975575
141773
821548
990323
685558
809850
233423
66501
117790
979702
495681
216472
356775
410564
364021
720192
894034
327666
92269
382598
567155
382242
177051
124142
141112
70216
139288
451577
369146
75529
310347
279499
167698
93148
698238
495939
774600
65032
989475
87662
330505
177750
380858
91914
793633
452135
592856
613238
823288
303519
878885
511534
774350
189942
27898
53058
393505
276200
878071
636314
939446
122391
847214
353440
148055
661194
904826
201479
354893
14461
512078
771228
453943
220660
450239
960643
610919
787423
708546
335755
909142
315068
75426
43614
262018
723131
887974
97901
444834
234559
294324
342013
259465
183973
419898
643124
600362
137257
475163
335646
972798
803165
13891
603544
128100
377463
14079
56193
830934
113670
435125
104644
977694
430093
523138
428023
284095
223621
179449
794850
498943
610015
669112
919909
662120
657217
525645
723244
120913
364246
89612
341079
842733
809935
509553
394644
117261
99153
861614
352625
113872
779052
205877
895132
970033
365811
857974
905578
923645
177082
984556
557846
201918
597644
744743
35772
657664
960308
766527
646795
354121
721368
586085
613787
849483
303487
494552
969779
168674
219657
116012
182444
800375
739339
557892
390940
588574
297118
696709
57559
235478
957483
833190
69199
31968
231611
662961
485504
586240
723700
64456
656451
549985
531784
243415
310064
406679
41577
750125
975712
14886
547936
634990
885283
115601
461220
924831
732608
176824
154346
474790
409883
714690
665374
787811
846616
390289
142645
481834
686440
831650
181470
109958
728507
37728
954585
36853
33070
331948
317402
995293
520422
515132
443641
909790
414324
630502
112943
354374
572226
355915
783826
186258
406099
152735
63793
510496
723053
739009
429889
980786
386657
442871
364889
956074
542464
63716
922949
845629
222886
774345
20433
503653
600856
450764
667581
517337
344401
852329
950644
799636
964245
175986
224668
400311
382912
847160
195868
105932
304298
516973
418688
288157
489463
912243
948825
78862
632531
203549
300115
273694
489236
320122
80866
485426
186909
332174
744376
277826
70270
533661
400748
579269
665338
819426
280278
893335
719326
748477
227436
500284
856424
758148
939099
138890
330865
921152
505647
560648
34214
113907
493052
151529
865121
6560
998884
171847
280976
554610
718528
986507
546047
24285
381218
524298
515085
488727
143129
697869
321406
766859
596621
780257
704642
655504
418205
776897
253018
601954
733987
782664
788208
829978
760111
38279
978817
384631
969644
309873
441386
475733
811912
845704
974452
136256
386650
73963
701031
256134
832905
295959
945079
960790
747307
805828
399021
627664
439320
377824
630113
148603
688277
357365
825372
375336
827126
558624
269495
423768
321808
604214
503037
844299
562214
118012
577839
127081
957815
515718
417108
785070
762438
253669
997722
818369
102885
438861
821432
700430
715
893184
464529
148130
623628
852125
661834
111941
596574
315436
81414
17815
441692
793172
249227
136151
529774
12192
894646
438910
128638
319882
899652
858649
330944
893734
739636
396508
158039
563667
237447
471025
537775
458108
375905
101349
842363
26442
523338
86415
820444
128034
147034
44614
400036
726678
425454
538437
704527
10637
257469
476731
890411
114629
445369
816734
162310
909002
230849
742805
194070
133299
720179
734867
950799
366141
986585
378256
266173
586535
320720
230826
841517
94819
645836
548101
938384
243788
862410
145247
992526
799612
713926
443143
384692
558421
669411
891014
654562
626135
129100
770693
916975
639860
52830
407390
535074
753538
192099
703183
221335
649493
940014
387041
389935
136932
927205
110893
135291
649036
755656
350695
591934
163508
273640
511028
745152
605468
839354
817569
971508
186830
790328
176609
734899
193115
668125
176737
748120
337095
464030
447778
756885
42801
488342
787165
713562
29952
956575
484888
462972
847326
306868
440618
215816
419706
423953
894341
946015
417463
807787
916127
423021
25669
331431
845727
631583
327491
480707
422788
785377
772035
994145
572508
169969
216361
975584
244470
695
560482
455585
909807
693996
511476
676420
933363
880194
967218
529575
628904
692063
399505
532705
616616
956032
744427
149360
917445
671906
782439
777749
76924
667409
764238
284651
287802
117192
205856
256404
3329
650856
108372
708222
58882
967624
349634
148060
699324
174755
999033
947056
435319
478543
174864
397576
811241
192955
513202
611755
911735
782625
310981
374666
192028
426990
911509
199184
229842
855354
500950
726356
605689
307806
998367
722785
154231
947021
216365
248325
878873
123371
481062
524118
181870
865380
752731
122318
594098
737749
37159
10427
225739
145466
716252
929936
559294
576039
474576
974523
885848
198892
660403
628726
833617
524251
171415
226372
439278
458528
874084
957180
38307
82619
842112
515176
195088
704630
108980
379570
198700
7902
342846
144662
402789
536946
803432
257912
292045
436918
939360
857097
721028
770389
232110
403226
856382
257250
411157
227513
405220
626197
815435
324652
851294
248111
203499
362873
135605
220521
241676
575851
293546
174999
912910
987971
900863
482868
725014
963376
252056
368863
54650
175359
9178
838770
405262
323645
242650
454474
108424
797675
671039
248682
150574
300669
624146
413795
423852
506707
440269
270407
659119
83047
10339
108459
262558
380030
762403
483558
346869
158517
943402
649415
850906
583629
339256
642760
13198
180915
308344
886656
316534
738384
519504
229993
411513
315355
253194
651995
979209
726665
725099
505650
794463
469347
645107
653874
520794
825325
831143
800121
839344
66585
767702
563824
539681
184999
443354
814859
830641
639384
634501
132090
999219
750899
701210
445440
911646
886510
459313
551166
89962
718886
360826
957295
591157
15863
632868
525009
313605
362819
961587
467812
764053
349690
48067
438864
387878
42882
902296
313690
944799
712162
865671
744968
320631
927616
151921
474506
337800
116326
208171
296401
177442
795996
302153
143189
272720
265936
642136
134372
506579
461181
725667
249351
601333
443308
81950
506349
434486
921358
169045
545303
649427
182963
597214
586831
682733
108182
644198
200166
961515
939354
813663
17142
104614
950497
317663
490212
99959
616372
38162
847736
899368
299244
826994
166201
788889
716182
208776
624092
903772
50178
542131
69641
208065
652205
778460
172087
76004
111995
795472
328191
540259
461458
372871
111328
961642
758244
395054
415575
394544
914338
764730
273767
931587
298002
926492
528896
89227
351987
819496
991919
974822
552897
192206
671479
549168
518444
274470
68041
262219
107991
814880
712480
119795
727041
411611
308581
477769
523715
527289
456301
891177
87308
504552
847324
568207
945117
520939
672029
226573
660438
719507
408424
342203
604774
602839
856721
527563
554395
185258
713697
563204
618504
736304
584806
731485
578248
40255
232408
143007
253294
844234
863493
81944
75147
663002
653021
164793
501997
595716
955752
623861
605970
815947
697425
453294
952361
276726
124370
633676
506545
304571
697862
519061
871385
95187
773877
514833
12323
486227
688613
382506
230896
342716
178972
705332
101230
441971
114220
461779
391736
695809
642007
705430
900332
287501
26545
789683
370572
185751
238679
810151
944454
319952
471537
990756
406
818531
248289
396792
350752
623116
379576
565897
319575
18418
169673
442725
728448
498004
344873
168354
317034
223711
727189
303036
901570
55189
774641
221193
547915
800018
225944
277949
676286
682459
246984
158471
311794
779053
487919
499693
995111
128822
978951
808612
10345
23102
193488
824396
404492
201432
112125
817977
802253
9157
200058
667295
860027
91921
72108
938135
637214
902773
863865
435850
223402
158444
958328
514668
477061
193980
342720
157402
976342
168291
652114
804301
79910
4976
773906
487290
202103
327040
654909
204161
373107
81670
892514
349868
133244
934875
10868
358578
794901
588322
252110
373847
839384
494726
528657
326747
558686
76550
912883
958268
125998
705634
250789
503270
688543
719899
197505
642299
898622
473262
833448
157747
946030
710042
490915
207927
319443
715110
91053
104844
785669
561744
202189
474372
902215
428041
827904
640372
388212
485787
476424
506338
786316
903188
543544
929628
664862
178016
206836
821399
819633
866140
193893
158658
876027
641519
753295
709182
786820
918075
859598
220278
630737
715073
887574
111195
21359
138493
480008
730226
484495
161302
891259
796015
257437
80263
771004
933603
927798
805589
221701
725413
376045
973987
896273
394974
212973
498209
533217
818099
28947
186898
388744
441830
319722
54719
849167
339643
780005
846367
236916
250357
543207
486000
741716
238513
45049
406815
359910
957635
310282
157130
581876
937532
977873
30108
126575
814500
330707
546530
151650
409554
347820
611323
122760
842950
661299
144348
336445
78193
696544
413672
746336
643137
551285
897126
619381
164332
620854
796619
482986
886920
700112
732259
970997
47623
758070
508075
66310
257338
514072
941001
992052
126686
34792
294773
557941
223571
110931
993046
879779
155390
269521
50168
818031
181126
4234
16581
678723
557167
462658
128424
26059
139900
457252
977621
114197
695862
817699
637091
431935
547360
577123
380357
961557
589966
137396
105223
864157
67165
922052
55576
895232
351477
425099
552485
585413
570021
540515
798796
4025
441575
115089
954546
807980
805462
101926
797146
303703
195199
414905
673955
457812
261398
278517
17260
510859
587777
82324
902877
932178
608323
381004
40394
480385
207579
262521
603879
632378
339926
296008
915064
592675
164086
369161
862363
521684
460097
599408
165549
841353
485189
510852
394670
719885
645008
104705
552393
725576
261595
863106
907749
607866
570084
245990
707230
361056
601028
610334
396984
756102
364184
544874
765670
82891
973304
374904
682204
112468
759022
309892
277193
480936
839091
627368
886001
799906
900830
647322
606828
870794
463634
475339
581248
140252
512368
511139
364767
20870
808935
405691
677657
139174
920747
644822
716174
717407
347517
313469
714317
722901
836605
17647
508240
597723
824726
8019
131686
201047
487943
257298
726280
163189
209102
342636
822209
927334
351349
474107
883255
17903
502699
464189
777491
859253
838620
26576
162459
371375
573822
583319
898386
324000
759570
594803
424792
882880
763869
200110
92220
688531
248778
821348
649462
792667
750552
199909
807604
48784
978313
570493
279329
954682
825162
214273
620628
40486
149231
735584
337716
409704
912823
514720
62708
326237
115471
414885
219543
318167
954645
734753
665186
797046
880520
651225
397573
771965
325335
432914
848377
327912
783564
971660
80826
347675
896270
601439
159188
891633
297174
175171
66964
454284
93059
755379
89705
500531
815206
649946
830315
461968
806550
862420
31192
879927
916295
407084
472209
631552
909779
714405
905828
333997
369223
610334
3333
559001
604600
976770
255027
611556
855687
39257
750728
526529
229103
65526
509701
837255
171044
658592
334965
430023
335806
187573
944640
329161
38912
550492
46889
911947
794262
514778
605909
959027
297844
699768
904815
16530
332688
251416
386589
922904
601839
334277
363027
812227
776087
714350
109464
795066
89582
928243
689568
8126
620479
45145
49012
61471
671277
198785
716536
178420
991457
876177
242000
858467
808151
685047
815380
505751
320473
451238
548247
746712
976633
956749
237659
172995
812393
854112
481210
78367
279024
804502
488157
878089
416423
973315
12452
354152
692015
253799
349488
324934
71607
406699
717450
168498
52237
761616
32932
443783
282575
282791
514707
365219
401556
746
233715
529963
695810
338137
696783
637573
118089
563652
549833
668235
786471
41310
883739
663197
588281
111995
746700
450789
480450
724061
40305
750248
190374
337929
554956
451656
49102
144175
541493
449762
419024
203318
233771
767171
16608
293928
272258
66475
684209
780641
31323
821565
502312
302790
817748
902800
859099
727144
862450
459988
863645
739500
320635
671187
179235
183779
265401
414191
130773
36143
854204
833686
877239
431202
391636
573549
559432
765592
156996
846397
695817
262819
671917
183337
170035
999208
893858
1078
795002
293600
137920
921665
587487
994392
348220
873238
812641
555816
933491
617944
791152
941635
743041
904115
63761
914993
61993
539167
199738
801616
733076
457261
677705
232182
571880
54564
287275
683392
18581
249126
155083
3769
499887
381793
291525
705889
499049
341730
30307
718883
1551
296401
625667
786639
653231
90119
776921
293057
501248
138243
630974
712558
85898
971195
163887
556854
781717
614416
301402
597422
373413
479777
655159
273013
91805
156665
6786
853337
807496
155183
161462
42224
736829
123095
163036
489051
550278
763289
267736
298136
917046
761134
538725
334990
766928
151095
289704
470938
435349
985664
181686
92407
19459
35593
934839
833128
547918
836285
916833
934836
502549
499252
904028
697378
878994
858794
620357
837506
653276
541320
592160
616484
182409
595355
553350
541932
873011
876982
996704
179121
15212
733907
947721
644862
224161
999893
63811
257525
942808
159771
449376
432665
738310
286489
148331
364709
446057
323395
971087
284744
300215
463851
995213
484989
540137
728992
868376
418487
866932
43998
396169
905237
595105
585402
460072
299132
52598
758215
933339
713479
133134
897932
175790
494134
290586
78164
110304
828999
116977
402263
272874
81071
66836
526798
560571
803521
508312
565398
924553
976040
307362
189659
965554
661842
438100
947100
589764
972802
746400
881781
516481
330961
653548
240815
566398
483653
815619
820043
207578
563722
493637
237979
494469
432873
242253
796579
472554
899618
105914
401059
867639
884082
735464
154501
869550
162815
760433
79790
691427
839388
211707
707358
587916
802048
54880
157243
943249
806457
90238
978399
188372
48463
90246
255304
747090
901644
318612
158324
944323
881397
420589
763821
759256
474505
333028
522260
639155
78686
600603
287460
506417
352384
503638
405779
267319
181064
784550
131040
397351
302277
629406
891366
164470
393231
403164
482061
765264
440444
672735
857722
382635
78442
719859
594123
386794
445882
122689
337540
711059
512426
283065
301640
14690
563486
263045
769236
618803
850559
858014
669517
990819
733438
402806
997259
895966
231473
967645
287896
969998
286885
267963
121062
715641
425725
280840
460024
659606
588673
562979
531983
378057
254908
557738
198983
802126
915787
215099
60955
626151
831172
970140
949872
763159
443848
100457
555162
9639
528207
28311
304054
221301
665721
83831
231491
23663
871751
145112
109574
548509
642651
597931
203467
545322
456013
511447
374687
809960
114500
667342
668014
18957
511060
865345
474094
506093
34885
207937
269963
705814
168671
61192
378706
676833
257376
816597
590732
979804
396956
46563
700664
55067
392374
229001
737493
527150
738567
777190
46969
651452
837704
698654
52986
822974
269277
234783
97998
676539
374162
251915
555878
905855
276278
894809
108111
188080
708007
950436
489452
448123
267722
349696
100160
541350
756084
159431
690945
145510
840745
699829
322654
460140
255365
343995
785091
224331
192368
840947
224223
590935
497565
953203
285944
253573
843588
884240
959107
946990
530071
537119
105085
414882
844432
498420
302433
926583
499357
642406
431957
906112
403518
65813
855161
582190
164217
601486
699659
329063
279346
343975
942456
92295
385845
899865
495317
692505
610393
603726
792405
493358
544453
323726
965339
207119
197679
779217
763649
991355
308240
313462
842030
803837
581837
588809
583408
315671
753355
72467
834071
976283
281638
181670
214581
722662
230908
455594
645420
247544
654910
209534
916323
123579
500019
586731
431096
707655
492013
315432
385376
469144
476927
949023
804904
863870
990350
565828
462074
940436
86350
332042
595071
711248
674780
175008
851120
66979
242725
209531
208606
186766
776949
848910
349479
125062
694572
555862
413188
296465
725767
434976
59959
410562
617154
950826
299439
259936
917438
631132
778921
61158
166449
427580
38003
66516
480348
170737
878721
44470
953333
263268
751335
260416
890517
895333
289002
992602
424083
968802
419914
262763
410316
384036
793563
64355
551320
614930
820330
804646
358873
661982
809335
466767
255080
798988
94953
755680
437563
329102
578236
575823
413081
962886
351092
513018
683764
576550
683474
139712
448192
918477
511756
435999
33698
229175
132616
699672
375428
573511
608781
225803
91837
22775
443790
958342
397443
436452
195900
517909
429525
439654
688844
284510
841935
557591
40358
975102
149969
379298
464198
843408
570331
838935
967594
792681
205096
211310
372800
357893
440574
498251
628963
474791
383927
659134
208195
331704
875100
876370
159510
64086
68460
573528
540129
376239
648338
742390
485556
794626
981715
860461
58465
813081
349624
340208
908594