6396
951 
2397
4370
6406
6631
4270
5948
5998
4399
1665
7502
2775
6981
2698
1726
6270
7840
6789
9505
7757
7160
4331
8925
9875
4448
5955
2452
3761
7514
5331
7342
8216
7292
6837
1140
5972
7797
5237
1966
9975
8514
6537
2096
4513
1612
1041
7786
9463
5685
1509
3827
6225
2198
3249
9841
7752
7824
7132
8526
9344
8192
9591
9740
7782
5294
8722
1232
6278
2983
396
3529
404
7372
1389
8081
8546
8614
4290
2844
4388
8420
6621
4166
8123
6152
4943
686
6676
8526
19
9471
472
280
5928
8072
5829
6578
6084
6941
979
8066
7782
9336
6100
6811
5603
4111
4144
686
853
2654
9253
6007
5430
3575
92
3288
8474
6143
8283
9993
6328
2682
7527
4793
8437
0
6381
1236
7901
2223
3581
3128
3351
7571
9271
9143
2119
2751
9614
469
9007
879
5345
988
3675
7081
3378
6214
3298
5330
3648
638
6949
594
4086
5059
6978
7385
10
4053
2345
6005
4457
2491
6964
3484
6491
5134
6368
6902
9277
890
772
6697
9943
6830
9756
3984
9148
6859
1174
6023
9931
7667
116
6141
2581
1134
4821
9738
9731
7498
7934
3011
4029
3329
6556
2418
3443
4009
1638
9837
1150
5601
8586
5092
24
8322
9341
1509
2329
2270
8758
2253
8764
110
6129
1057
3865
6979
744
5363
4498
8422
744
1253
1237
9428
4789
6108
9795
1536
7231
4040
4774
1014
177
8386
698
7427
6656
8614
9347
6936
5104
8776
4129
7345
499
1383
7163
1181
1065
7662
9317
453
2218
9860
2458
5897
6475
9444
111
3474
4167
1039
7660
1336
7576
6100
9325
1930
9796
5714
6099
6086
1435
3379
1642
3718
4051
4029
6344
4067
1383
6197
582
8955
1185
4349
7022
5738
1178
4333
8933
7454
8727
6815
1234
9203
5218
7236
3406
3066
8630
7611
1231
3442
5227
6355
677
882
3623
1212
4465
2766
8148
2469
6882
9687
313
2997
183
7502
8091
7224
7796
2514
7817
8145
5990
4614
9816
6441
9241
1626
5774
1535
3899
3550
4294
1742
464
4547
1106
9815
7299
8130
2681
3643
4756
4612
3310
7394
3306
3063
2044
4722
935
2287
8545
5451
7670
6412
9255
9803
8062
9030
2229
9210
4901
434
2366
5502
4650
5297
5637
6416
8037
6105
9411
8768
4110
1768
1463
8710
9612
1215
6012
9144
2411
378
4732
7813
7517
4015
1356
9391
4253
6310
3890
9529
9782
2450
7349
5319
7560
5456
3363
9939
1306
5814
8322
6600
144
1035
3267
2916
216
6506
1933
6606
9722
8397
1791
7204
7936
8135
5259
5132
414
1242
1157
912
5433
6963
9058
2199
4548
8769
1918
5249
5568
634
2758
1713
2405
5541
166
8345
1580
5954
9755
2839
3854
3527
8137
6821
8333
1171
8154
3824
1229
6295
7900
1357
5059
1954
7986
8950
3944
9834
5892
6542
2114
8924
735
8957
1596
4623
2613
288
2598
6450
2304
440
3274
6293
3429
2511
1030
1952
662
3215
211
6593
8520
2165
1923
9872
9788
6567
7470
7506
4531
4191
5136
1177
4097
1349
929
631
2611
2410
5412
2678
5771
6300
4619
3666
9966
5458
4014
2358
7632
3530
735
2340
7092
2186
5183
2836
6126
7150
1397
6957
5658
9397
2994
3468
2982
6513
7714
2289
6156
9578
5394
320
9885
4760
7386
9017
2177
2443
3680
3103
6524
6733
5560
8251
8350
3795
7596
1677
7448
3627
2236
3719
6008
8872
7187
5963
3548
7788
2641
4511
6222
4684
8520
9379
440
4866
5379
5410
7834
4874
1794
3569
8844
1550
4016
482
2138
8014
4707
2273
9191
2583
9140
5283
18
3375
3361
3785
893
6778
913
2139
9108
3250
8444
9502
3479
7775
1286
5860
1355
1658
6474
3444
8073
3244
7080
8527
9720
7795
2348
7550
9309
2186
2992
1187
6874
5211
2179
5902
1881
7556
7315
6003
1342
9210
9499
5527
3662
1719
521
7883
987
8522
5730
1580
617
4317
1867
9555
4830
3754
2013
2052
1270
5445
4119
4313
86
8227
5906
9257
5485
8817
5716
6575
4191
6329
8620
8523
7159
6304
780
6010
7824
6971
4692
5742
7274
5906
1959
1632
5543
8672
7556
3012
9844
3964
8753
4489
7744
5581
9390
4925
493
1046
5554
4087
7200
203
419
7339
3044
3061
5183
3375
384
5631
2246
5659
3296
6633
7512
5500
1646
5903
1569
9589
541
6249
4976
4587
9350
7738
6376
4439
1844
4285
6360
3484
670
3686
4056
597
8650
6512
1774
9189
315
2877
928
9927
8552
9514
5218
5077
5952
3925
7864
8615
8878
621
5901
6017
1511
8265
7399
3682
8896
225
4167
9475
9396
4571
8903
9514
6709
7769
5329
7907
7479
2076
3471
7188
5583
2726
6354
78
2503
9912
8083
6834
9650
9966
9318
3112
1088
1181
6234
2008
3652
6541
3560
2452
5533
497
1578
1234
1577
3657
8381
5727
696
2185
4969
9174
9176
1946
6878
1036
1263
9613
9412
623
7564
4314
5657
5253
2573
9856
5842
1150
1449
4968
9889
7613
5322
2690
2183
2489
1216
178
2733
9869
5862
3980
3583
217
5487
251
1635
3375
4334
6094
4349
1700
8320
2116
5785
373
1531
9002
3141
2227
1025
5392
6079
9785
6674
1890
2369
2060
3826
737
528
4944
4285
5127
2742
3517
8039
4005
3665
8140
5573
5332
9660
1994
3222
4699
6899
1600
5898
3941
3005
9466
8847
3384
3026
2510
5386
7669
1789
2657
4271
477
3325
3549
7976
8781
9588
104
178
9667
4777
3590
6720
7555
4419
7797
1126
3824
2128
5363
1100
6069
2568
3989
2887
7379
1780
8694
7853
6844
8436
36
5257
3287
5739
8459
5249
522
5365
1826
6304
4068
6311
5684
1904
3462
5855
7471
9328
7481
3851
1473
2233
2860
7012
230
4827
7872
9068
8533
6556
171
3151
6492
3366
8215
956
3004
5495
8432
7796
236
378
5243
1141
2032
4985
2969
145
8247
8656
8115
6458
8564
5021
5390
8569
9566
9902
3198
3855
5763
1409
9017
9586
6935
2133
5060